년,인천평균기온(℃),서울평균기온(℃),수원평균기온(℃),강화평균기온(℃),양평평균기온(℃),이천평균기온(℃),강릉평균기온(℃),속초평균기온(℃),태백평균기온(℃),춘천평균기온(℃),원주평균기온(℃),대관령평균기온(℃),인제평균기온(℃),홍천평균기온(℃),철원평균기온(℃),추풍령평균기온(℃),청주평균기온(℃),충주평균기온(℃),제천평균기온(℃),보은평균기온(℃),서산평균기온(℃),대전평균기온(℃),천안평균기온(℃),보령평균기온(℃),부여평균기온(℃),금산평균기온(℃),제주평균기온(℃),서귀포평균기온(℃),성산평균기온(℃),고산평균기온(℃)
1904,,,,,,,,,,,,,,,,,,,,,,,,,,,,,,
1905,10.9,,,,,,,,,,,,,,,,,,,,,,,,,,,,,
1906,10.2,,,,,,,,,,,,,,,,,,,,,,,,,,,,,
1907,10.8,,,,,,,,,,,,,,,,,,,,,,,,,,,,,
1908,10.4,10.4,,,,,,,,,,,,,,,,,,,,,,,,,,,,
1909,10.4,10.6,,,,,,,,,,,,,,,,,,,,,,,,,,,,
1910,10.2,10.3,,,,,,,,,,,,,,,,,,,,,,,,,,,,
1911,10.6,10.6,,,,,,,,,,,,,,,,,,,,,,,,,,,,
1912,10.3,10.1,,,,,11.7,,,,,,,,,,,,,,,,,,,,,,,
1913,9.9,10.0,,,,,11.7,,,,,,,,,,,,,,,,,,,,,,,
1914,11.8,12.0,,,,,13.2,,,,,,,,,,,,,,,,,,,,,,,
1915,10.7,10.8,,,,,12.1,,,,,,,,,,,,,,,,,,,,,,,
1916,10.7,10.9,,,,,12.1,,,,,,,,,,,,,,,,,,,,,,,
1917,9.7,9.8,,,,,,,,,,,,,,,,,,,,,,,,,,,,
1918,10.5,10.5,,,,,11.3,,,,,,,,,,,,,,,,,,,,,,,
1919,11.0,11.1,,,,,11.6,,,,,,,,,,,,,,,,,,,,,,,
1920,11.2,11.4,,,,,11.8,,,,,,,,,,,,,,,,,,,,,,,
1921,10.8,10.9,,,,,11.7,,,,,,,,,,,,,,,,,,,,,,,
1922,10.7,10.8,,,,,12.3,,,,,,,,,,,,,,,,,,,,,,,
1923,10.4,10.6,,,,,11.7,,,,,,,,,,,,,,,,,,,,,,,
1924,10.9,11.0,,,,,11.7,,,,,,,,,,,,,,,,,,,,14.1,,,
1925,10.7,10.7,,,,,11.4,,,,,,,,,,,,,,,,,,,,14.0,,,
1926,10.5,10.5,,,,,11.4,,,,,,,,,,,,,,,,,,,,14.3,,,
1927,10.9,11.0,,,,,11.9,,,,,,,,,,,,,,,,,,,,14.5,,,
1928,10.8,11.1,,,,,11.6,,,,,,,,,,,,,,,,,,,,14.2,,,
1929,11.0,11.4,,,,,12.0,,,,,,,,,,,,,,,,,,,,14.6,,,
1930,11.4,11.8,,,,,12.4,,,,,,,,,,,,,,,,,,,,15.0,,,
1931,10.6,10.9,,,,,11.2,,,,,,,,,,,,,,,,,,,,14.2,,,
1932,11.4,11.6,,,,,11.7,,,,,,,,,,,,,,,,,,,,14.4,,,
1933,10.8,10.5,,,,,11.6,,,,,,,,,,,,,,,,,,,,14.2,,,
1934,10.5,10.1,,,,,11.4,,,,,,,,,,,,,,,,,,,,14.3,,,
1935,11.6,11.2,,,,,12.2,,,,,,,,,,,,,,,,,,,,14.9,,,
1936,10.0,9.8,,,,,11.2,,,,,,,,,,,,,,,,,,,,13.8,,,
1937,11.7,11.4,,,,,12.3,,,,,,,,,,,,,,,,,,,,15.0,,,
1938,11.1,10.9,,,,,12.2,,,,,,,,,,,,,,,,,,,,14.4,,,
1939,11.9,11.7,,,,,12.5,,,,,,,,,,,,,,,,,,,,14.7,,,
1940,10.7,10.8,,,,,12.2,,,,,,,,,,,,,,,,,,,,14.5,,,
1941,11.3,11.1,,,,,11.9,,,,,,,,,,,,,,,,,,,,14.5,,,
1942,11.0,10.9,,,,,12.7,,,,,,,,,,,,,,,,,,,,14.8,,,
1943,11.7,11.7,,,,,12.5,,,,,,,,,,,,,,,,,,,,14.5,,,
1944,11.0,10.9,,,,,12.0,,,,,,,,,,,,,,,,,,,,14.6,,,
1945,10.4,10.4,,,,,11.3,,,,,,,,,,,,,,,,,,,,14.3,,,
1946,11.6,11.3,,,,,12.3,,,,,,,,,,,,,,,,,,,,15.1,,,
1947,9.7,9.6,,,,,10.5,,,,,,,,,,,,,,,,,,,,13.9,,,
1948,11.9,11.7,,,,,12.3,,,,,,,,,,,,,,,,,,,,15.1,,,
1949,11.8,11.7,,,,,12.1,,,,,,,,,11.6,,,,,,,,,,,14.6,,,
1950,,,,,,,,,,,,,,,,,,,,,,,,,,,15.0,,,
1951,,,,,,,,,,,,,,,,,,,,,,,,,,,14.8,,,
1952,11.1,,,,,,12.0,,,,,,,,,,,,,,,,,,,,14.8,,,
1953,11.1,,,,,,12.4,,,,,,,,,11.4,,,,,,,,,,,14.9,,,
1954,11.3,11.4,,,,,12.3,,,,,,,,,11.5,,,,,,,,,,,14.9,,,
1955,11.4,11.5,,,,,12.8,,,,,,,,,11.6,,,,,,,,,,,15.0,,,
1956,10.1,10.1,,,,,11.3,,,,,,,,,10.3,,,,,,,,,,,14.4,,,
1957,10.3,10.4,,,,,11.5,,,,,,,,,10.7,,,,,,,,,,,14.3,,,
1958,11.5,11.6,,,,,12.2,,,,,,,,,11.7,,,,,,,,,,,15.3,,,
1959,11.9,12.0,,,,,13.3,,,,,,,,,12.1,,,,,,,,,,,15.6,,,
1960,11.8,12.1,,,,,13.0,,,,,,,,,12.0,,,,,,,,,,,15.5,,,
1961,12.0,12.4,,,,,13.6,,,,,,,,,12.4,,,,,,,,,,,16.0,16.0,,
1962,11.4,11.7,,,,,12.7,,,,,,,,,11.8,,,,,,,,,,,15.1,15.0,,
1963,11.1,11.3,,,,,11.6,,,,,,,,,11.1,,,,,,,,,,,14.8,14.8,,
1964,11.9,12.2,11.4,,,,12.0,,,,,,,,,12.2,,,,,,,,,,,16.1,16.4,,
1965,11.0,11.4,10.8,,,,12.2,,,,,,,,,11.4,,,,,,,,,,,15.0,15.5,,
1966,11.1,11.5,11.1,,,,12.2,,,10.3,,,,,,11.5,,,,,,,,,,,15.6,16.2,,
1967,11.2,11.6,11.1,,,,12.4,,,10.4,,,,,,11.6,11.5,,,,,,,,,,15.2,15.8,,
1968,11.2,11.8,10.8,,,,12.2,11.7,,10.5,,,,,,11.6,11.5,,,,11.8,,,,,,14.8,15.4,,
1969,10.4,10.9,10.2,,,,12.1,11.6,,9.9,,,,,,10.7,10.7,,,,11.0,11.2,,,,,14.9,15.5,,
1970,10.8,11.4,10.6,,,,12.1,11.6,,10.2,,,,,,11.0,11.2,,,,11.2,11.6,,,,,14.7,15.4,,
1971,11.0,11.5,10.9,,,,12.3,12.0,,10.4,,,,,,11.2,11.3,,,,11.3,11.8,,,,,15.4,15.9,,
1972,11.3,11.9,11.3,,,,12.6,11.9,,10.7,,6.3,,,,11.5,11.7,,,,11.6,12.2,,,,,15.3,15.9,,
1973,11.7,12.0,11.3,11.0,10.9,11.1,12.9,12.1,,11.0,10.4,6.6,10.2,10.6,,11.8,11.7,11.5,10.2,10.3,11.8,12.2,11.7,12.1,12.2,11.5,15.5,16.0,15.3,
1974,10.6,11.1,10.2,9.8,9.6,9.9,11.6,11.0,,9.9,9.4,5.6,8.9,9.1,,10.8,10.4,10.1,9.1,9.9,10.7,10.9,10.6,10.9,11.1,10.5,14.8,15.5,14.5,
1975,11.9,12.5,11.6,11.2,11.2,11.4,12.7,12.2,,11.3,11.1,6.6,10.1,10.6,,11.9,12.1,11.7,10.6,11.3,12.3,12.3,12.0,12.3,12.4,11.8,15.7,16.2,15.6,
1976,11.0,11.5,10.6,10.2,10.1,10.5,12.4,11.9,,10.4,10.3,5.9,9.3,9.6,,11.0,11.1,10.6,9.6,10.2,11.4,11.4,11.0,11.3,11.5,11.1,14.7,15.3,14.4,
1977,11.6,12.3,11.3,10.9,10.9,11.3,12.6,11.9,,11.0,10.6,6.7,10.0,10.3,,11.9,11.9,11.2,10.4,10.8,11.9,12.2,11.7,12.0,12.1,11.7,15.2,15.9,15.1,
1978,11.9,12.4,11.7,11.3,11.2,11.6,13.5,12.7,,11.1,11.0,7.1,10.4,10.6,,12.4,12.2,11.7,10.8,11.2,12.4,12.6,12.1,12.4,12.3,11.9,15.8,16.5,15.5,
1979,12.1,12.5,11.7,11.4,11.1,11.5,13.6,13.2,,11.2,10.9,7.0,10.5,10.6,,12.0,12.0,11.4,10.6,10.9,12.3,12.4,11.9,12.3,12.3,11.6,15.8,16.5,15.5,
1980,10.5,10.8,10.0,9.9,9.5,9.9,12.1,11.5,,9.8,9.2,5.6,8.9,9.1,,10.6,10.5,9.8,9.4,9.6,10.7,11.0,10.2,10.8,10.8,10.4,14.6,15.3,14.4,
1981,10.7,11.2,10.1,10.1,9.4,10.0,12.0,11.2,,9.8,9.3,5.9,9.1,9.2,,11.1,10.8,10.0,9.0,9.8,10.9,11.4,10.5,11.1,10.8,10.6,15.0,15.8,14.8,
1982,11.9,12.5,11.4,11.2,11.1,11.3,13.1,12.3,,11.0,10.6,6.6,10.1,10.3,,12.0,12.1,11.3,10.2,10.9,12.0,12.5,11.6,12.3,12.2,11.6,15.4,16.2,15.2,
1983,11.8,12.4,11.4,11.1,10.8,11.3,12.6,11.8,,11.1,10.6,6.5,9.9,10.3,,11.8,12.0,11.4,10.3,10.8,12.0,12.5,11.6,12.1,12.0,11.8,15.6,16.0,15.3,
1984,11.2,11.6,10.8,10.5,10.1,10.7,11.9,11.2,,10.5,9.8,5.9,9.3,9.6,,11.2,11.4,10.7,9.6,10.2,11.3,11.9,11.2,11.6,11.5,11.3,14.8,15.6,14.8,
1985,11.2,11.6,11.3,10.6,10.6,11.0,12.7,11.9,,10.8,10.3,6.5,9.7,10.1,,11.3,11.8,11.1,10.1,10.7,11.6,12.2,11.5,12.0,11.9,11.5,15.4,16.1,15.3,
1986,10.9,11.2,10.6,10.2,9.9,10.5,11.6,10.5,7.8,10.3,10.0,5.7,9.2,9.4,,10.9,11.2,10.5,9.4,10.0,10.9,11.8,10.8,11.3,11.1,11.0,14.7,15.6,14.6,
1987,11.5,11.9,11.4,10.7,10.7,11.2,13.2,12.2,8.5,10.9,10.8,6.5,10.1,10.1,,11.5,12.0,11.4,10.3,10.8,11.6,12.5,11.6,12.0,11.9,11.6,15.4,16.3,15.3,
1988,11.7,12.1,11.3,10.9,10.5,11.2,12.8,12.3,7.8,10.6,10.6,5.8,9.8,9.9,10.0,11.3,11.7,11.2,10.1,10.6,11.5,12.3,11.5,12.1,11.8,11.2,15.2,16.2,15.3,15.2
1989,12.5,13.0,12.3,11.6,11.5,12.1,13.4,12.2,8.7,11.6,11.7,6.7,10.6,10.4,11.0,12.1,12.6,12.0,11.0,11.4,12.3,13.1,12.4,12.6,12.4,11.9,15.7,16.6,15.5,15.6
1990,12.3,12.8,12.4,11.6,11.4,12.0,13.6,12.4,9.1,11.4,11.7,6.9,10.6,10.4,10.4,12.3,12.9,12.3,11.0,11.5,12.4,13.4,12.4,13.0,12.8,12.1,16.4,17.1,16.1,16.2
1991,11.8,12.3,11.7,11.1,10.9,11.5,13.0,11.9,8.2,10.9,11.0,6.1,10.0,9.6,9.9,11.5,12.0,11.4,10.3,10.6,11.6,12.6,11.5,12.0,11.8,11.2,15.5,16.2,15.2,15.2
1992,11.9,12.5,11.9,11.2,10.9,11.3,13.2,12.4,8.6,11.1,11.1,6.1,9.8,9.7,9.8,11.7,12.3,11.5,10.3,10.5,11.9,12.8,11.8,12.1,11.9,11.5,15.9,16.6,15.6,15.7
1993,11.5,12.0,11.5,10.6,10.4,11.2,12.3,11.6,8.8,10.9,10.7,5.7,9.3,9.4,9.7,11.2,11.9,11.0,9.3,9.8,11.4,12.3,11.3,11.6,11.3,11.0,15.2,15.8,14.4,14.9
1994,12.9,13.5,13.2,11.9,11.7,13.0,14.1,13.1,8.8,11.7,12.1,7.3,10.6,11.0,10.7,12.7,13.3,11.9,10.5,11.1,12.6,13.8,12.8,12.9,12.6,12.2,16.5,17.1,15.6,16.1
1995,11.7,12.2,11.9,11.0,10.2,11.3,13.1,12.2,7.7,10.3,10.6,6.1,9.2,9.5,9.3,11.4,12.0,10.2,8.9,9.8,11.6,12.3,11.6,12.0,11.4,10.7,15.6,16.0,14.5,15.3
1996,11.6,12.2,12.1,10.9,10.5,11.6,12.5,11.5,8.0,10.4,10.8,6.0,9.2,9.9,9.4,11.4,12.1,10.6,9.4,10.3,11.5,12.1,11.5,12.0,11.7,10.8,15.7,16.3,14.8,15.3
1997,12.1,12.9,12.5,11.3,11.5,11.5,13.5,12.6,8.5,11.0,11.3,6.7,9.2,10.9,10.0,11.9,12.7,11.3,9.6,10.7,12.2,12.8,12.1,12.6,12.4,11.3,16.4,16.8,15.5,15.8
1998,13.1,13.8,13.5,12.0,12.5,12.0,14.1,13.0,9.5,12.2,12.5,7.5,11.0,11.7,11.3,12.5,13.6,12.6,11.2,11.8,12.9,13.6,12.3,13.6,13.4,12.2,17.0,17.5,16.4,16.3
1999,12.6,13.2,12.7,11.2,11.9,11.5,13.9,12.9,9.1,11.4,11.8,7.0,10.9,10.5,10.6,12.0,13.1,11.2,10.3,11.7,12.3,13.0,11.5,12.9,13.0,11.7,16.0,16.6,15.4,15.4
2000,12.7,12.7,12.3,10.6,11.6,11.3,13.5,12.0,9.1,11.1,11.2,6.9,10.7,10.5,10.2,11.4,12.3,11.2,9.9,11.1,11.3,12.4,11.0,12.5,12.3,11.2,15.7,17.2,15.3,15.1
2001,12.8,12.8,12.1,10.8,11.6,11.1,13.4,12.2,9.1,11.1,11.5,7.5,10.5,10.2,10.0,11.9,12.9,11.7,10.0,11.3,11.8,13.1,11.7,13.3,12.7,11.7,16.1,17.4,14.8,15.6
2002,13.1,12.9,11.7,10.8,11.7,11.4,13.2,12.0,8.9,11.6,11.7,7.5,10.5,10.2,10.1,11.8,12.8,11.2,10.4,11.2,11.8,13.3,11.8,12.8,12.2,11.9,15.8,17.3,15.7,15.3
2003,12.5,12.8,12.3,11.1,11.7,11.5,12.7,11.7,8.7,11.3,11.7,6.8,10.1,10.4,10.0,11.5,12.7,11.6,10.5,11.2,12.0,13.2,11.6,12.8,11.8,11.7,15.7,17.4,16.5,15.3
2004,12.9,13.3,12.8,11.4,11.8,12.0,14.1,13.2,9.6,11.9,12.6,7.8,10.7,10.9,10.3,12.3,13.4,12.4,10.7,11.6,12.6,13.9,12.3,12.9,12.7,12.1,16.4,17.8,15.8,16.1
2005,12.0,12.1,12.0,10.7,11.3,11.6,12.9,12.0,8.6,11.0,11.5,6.6,10.0,10.3,9.3,11.4,12.5,11.2,10.1,10.7,11.5,12.4,11.8,12.2,11.9,11.5,16.2,16.2,15.3,15.4
2006,12.7,13.0,12.9,11.4,12.3,12.2,13.1,11.9,8.9,11.5,12.2,6.9,10.6,11.1,10.4,11.6,13.3,11.5,11.1,11.6,12.2,13.1,11.5,12.8,12.8,12.1,16.2,17.1,15.7,15.5
2007,12.9,13.3,12.9,11.8,12.5,11.8,13.9,13.0,9.3,11.7,12.4,7.6,10.8,11.3,10.7,11.8,13.7,12.1,10.7,11.7,12.4,13.3,12.5,13.2,12.9,12.2,16.5,17.4,16.3,16.2
2008,12.8,12.9,12.8,11.7,11.8,11.5,14.0,13.0,9.0,11.3,12.1,7.2,10.2,11.0,10.4,12.0,13.4,12.0,10.2,11.3,12.0,13.0,12.3,13.0,12.8,11.8,16.0,16.9,15.6,15.8
2009,12.6,12.9,12.6,11.4,11.9,11.6,13.4,12.8,9.2,11.5,12.2,7.4,10.6,11.2,10.4,12.0,13.0,11.9,10.2,11.4,12.3,12.8,12.3,12.9,12.8,11.8,16.0,17.2,15.4,15.7
2010,12.3,12.1,12.2,10.9,11.4,11.1,13.0,12.3,9.0,11.0,12.0,7.2,10.2,10.9,10.1,11.6,13.0,11.5,9.9,11.0,11.7,12.7,12.2,13.0,12.7,11.6,15.6,16.9,15.1,15.7
2011,12.0,12.0,11.8,10.7,11.3,11.0,12.6,12.1,8.6,10.7,11.7,6.8,9.4,10.7,9.8,11.5,12.8,11.4,9.7,10.8,11.6,12.6,12.0,12.1,12.2,11.3,15.6,16.7,15.4,15.4
2012,12.1,12.2,12.1,10.7,11.4,11.1,12.6,12.0,8.4,10.7,11.4,6.5,10.0,10.6,9.6,11.2,12.7,11.5,9.6,10.7,11.5,12.6,11.9,12.2,11.8,11.1,15.7,16.7,15.4,15.6
2013,11.9,12.5,12.3,10.8,11.7,11.4,13.6,12.9,9.4,11.1,11.9,7.5,10.6,10.8,10.0,11.8,13.3,11.8,10.1,11.2,11.8,13.1,12.3,12.4,12.2,11.8,16.5,17.4,15.9,15.5
2014,12.8,13.4,13.1,11.8,12.4,11.9,13.8,13.2,9.3,12.1,12.8,7.7,11.1,11.7,11.0,11.7,13.9,12.2,10.6,11.5,12.3,13.4,12.8,12.9,12.7,12.1,16.2,17.0,15.6,15.5
2015,13.1,13.6,13.5,12.0,12.9,12.4,13.9,12.6,9.8,12.5,13.6,8.0,11.1,12.2,11.1,12.2,14.0,12.7,11.1,12.0,12.7,14.0,13.0,13.3,12.9,12.6,16.7,16.7,15.7,15.6
2016,13.3,13.6,13.6,12.1,12.9,12.7,13.8,12.8,9.8,12.4,13.4,8.1,11.2,12.3,11.2,12.4,13.9,12.9,11.3,12.3,12.9,14.0,12.7,13.6,13.3,12.7,17.0,17.0,16.3,16.2
2017,12.5,13.0,12.6,11.5,12.2,11.7,13.9,13.1,9.0,11.7,12.1,7.3,10.5,11.3,10.5,11.9,13.4,12.0,10.5,11.5,12.2,13.4,11.8,12.8,12.5,11.8,16.8,17.0,15.9,16.0
2018,12.5,12.9,12.7,11.3,12.1,11.7,13.7,12.6,9.3,11.6,12.4,7.2,10.1,11.2,10.4,11.9,13.5,12.0,10.5,11.6,12.2,13.5,11.8,13.0,12.7,12.0,16.6,16.7,15.7,16.1
2019,13.2,13.5,13.2,12.2,12.7,12.3,14.7,13.8,9.9,12.3,13.0,8.1,11.2,12.1,11.1,12.4,14.2,12.3,11.1,12.2,12.7,14.0,12.0,13.2,12.9,12.4,16.8,17.3,16.1,16.2
2020,12.8,13.2,12.9,11.9,12.5,12.5,14.3,13.3,9.6,12.2,12.8,7.8,11.2,11.6,11.0,12.0,13.9,12.1,11.0,11.7,12.6,13.7,12.2,13.1,12.8,12.5,16.7,16.8,16.0,16.0
2021,13.4,13.7,13.4,12.3,12.7,12.7,14.6,13.2,9.5,12.4,13.0,7.9,11.4,11.8,11.3,12.3,14.4,12.4,11.2,12.1,13.2,14.3,12.5,13.8,13.3,12.9,17.5,17.5,16.7,17.0
2022,,,,,,,,,,,,,,,,,,,,,,,,,,,,,,
